# Created by Octave 6.4.0, Thu Jun 05 15:57:22 2025 BST <tp@tp-Inspiron-5523>
# name: Cp
# type: matrix
# rows: 120
# columns: 1
 0
 0
 0
 0
 0
 0
 0
 0
 0
 0
 0.044444444444444446
 0.13333333333333336
 0.20000000000000001
 0.16666666666666666
 0.1111111111111111
 0.06666666666666668
 0.06666666666666668
 0.063415294966714261
 0.060322494535730638
 0.057380531761670524
 0.054582050205198795
 0.051920052204760328
 0.049387881378781195
 0.046979205981247572
 0.044688003069042616
 0.042508543441451559
 0.040435377314175562
 0.038463320692032447
 0.036587442406268426
 0.034803051784067743
 0.0331056869194273
 0.031491103516067646
 0.029955264274481436
 0.028494328796581776
 0.027104643982706608
 0.025782734896966746
 0.024525296078096157
 0.023329183274077025
 0.022191405579871971
 0.021109117958603547
 0.020079614127480137
 0.019100319790679339
 0.018168786202267511
 0.017282684043059438
 0.016439797596107097
 0.015638019206253174
 0.014875344009895323
 0.014149864921782869
 0.013459767866310361
 0.012803327241383604
 0.012178901603515641
 0.01158492956336301
 0.011019925881439102
 0.010482477754241841
 0.0099712412815090024
 0.0094849381057675701
 0.0090223522157741806
 0.0085823269058536121
 0.0081637618835321262
 0.0077656105182331309
 0.0073868772241555908
 0.0070266149707909559
 0.006683922914853581
 0.0063579441477033087
 0.0060478635526274981
 0.0057529057666247004
 0.0054723332415932534
 0.0052054444000768753
 0.0049515718809555916
 0.0047100808706953051
 0.0044803675159833176
 0.0042618574137805055
 0.0040540041750145297
 0.0038562880583225636
 0.0036682146704271482
 0.0034893137298954921
 0.0033191378911909294
 0.0031572616260760605
 0.0030032801595705201
 0.0028568084578026783
 0.002717480265224414
 0.0025849471887814677
 0.002458877826749333
 0.0023389569400563354
 0.0022248846640217381
 0.0021163757585378629
 0.0020131588948212333
 0.0019149759769492951
 0.0018215814964861708
 0.0017327419185836888
 0.0016482350980226259
 0.0015678497237339407
 0.0014913847904110395
 0.0014186490958918115
 0.0013494607630536255
 0.0012836467850257946
 0.0012210425925822787
 0.0011614916426329011
 0.0011048450267840827
 0.001050961098990299
 0.00099970512136518031
 0.00095094892726661719
 0.0009045706008133955
 0.00086045417203199084
 0.00081848932687122902
 0.00077857113135969616
 0.00074059976921615365
 0.00070448029225684368
 0.00067012238297557171
 0.0006374401287029003
 0.00060635180677972103
 0.00057677968020804237
 0.00054864980326800161
 0.00052189183661505113
 0.00049643887139495585
 0.00047222726193680794
 0.00044919646660569772
 0.00042728889641709187
 0.00040644977103437553
 0.00038662698178947605


