# Created by Octave 6.4.0, Thu Jun 05 15:58:53 2025 BST <tp@tp-Inspiron-5523>
# name: Ct
# type: matrix
# rows: 120
# columns: 1
 0
 0
 0
 0
 0
 0
 0
 0
 0
 0
 0
 0
 0.00031424457952600936
 0.0033612078472727534
 0.0062396016872749089
 0.0089564138817265944
 0.011518374791558726
 0.013931966245985059
 0.016203430137358175
 0.01833877673083284
 0.020343792698034435
 0.022224048883639339
 0.023984907813492946
 0.025631530952618102
 0.027168885721202556
 0.028601752276398093
 0.029934730067515673
 0.031172244171960965
 0.03231855141902161
 0.033377746308391951
 0.034353766730102452
 0.035250399492309611
 0.036071285663196458
 0.036819925733035601
 0.037499684602274007
 0.03811379640131228
 0.038665369147470485
 0.039157389244457823
 0.039592725829493539
 0.039974134973062625
 0.040304263736130552
 0.040585654089487389
 0.040820746699742137
 0.041011884586343965
 0.04116131665386643
 0.041271201103655807
 0.041343608728812646
 0.041380526096348805
 0.041383858620238953
 0.041355433528966021
 0.041297002731044412
 0.041210245581893214
 0.041096771555322729
 0.040958122822792875
 0.040795776743500239
 0.040611148268252177
 0.040405592259990707
 0.040180405733736824
 0.039936830018636175
 0.039676052844700722
 0.039399210356756677
 0.039107389058028227
 0.038801627685707413
 0.038482919020785017
 0.038152211634342743
 0.037810411572436198
 0.037458383981628748
 0.037096954677169537
 0.036726911655743717
 0.036349006554660834
 0.035963956059285866
 0.035572443260459059
 0.03517511896359353
 0.034772602951084385
 0.034365485199609934
 0.033954327053853713
 0.033539662358126061
 0.033121998547315477
 0.032701817698553307
 0.032279577544929522
 0.031855712452553871
 0.031430634362213807
 0.031004733696839638
 0.030578380235947149
 0.030151923958190007
 0.02972569585311621
 0.029300008703187171
 0.028875157837082846
 0.028451421855282641
 0.028029063328878744
 0.02760832947254729
 0.027189452792571588
 0.026772651710782309
 0.026358131165250653
 0.025946083188542631
 0.025536687464315876
 0.025130111863014112
 0.024726512957389507
 0.024326036518558421
 0.023928817993272747
 0.023534982963066057
 0.02314464758591174
 0.022757919021008852
 0.022374895837290954
 0.021995668406232873
 0.021620319279511295
 0.021248923552056161
 0.020881549211011773
 0.020518257471109087
 0.020159103096933608
 0.019804134712556952
 0.019453395098984246
 0.019106921479854395
 0.018764745795814896
 0.018426894967979283
 0.018093391150860685
 0.01776425197516205
 0.017439490780790275
 0.017119116840449207
 0.016803135574154079


